{
 "cells": [
  {
   "cell_type": "code",
   "execution_count": 2,
   "metadata": {},
   "outputs": [],
   "source": [
    "import os\n",
    "import pandas as pd\n",
    "import numpy as np\n",
    "\n",
    "# from finrl import config_tickers\n",
    "from finrl.main import check_and_make_directories                               \n",
    "from finrl.config import INDICATORS, TRAINED_MODEL_DIR, RESULTS_DIR\n",
    "\n",
    "# \"./\" will be added in front of each directory\n",
    "check_and_make_directories([TRAINED_MODEL_DIR])\n"
   ]
  },
  {
   "cell_type": "markdown",
   "metadata": {},
   "source": [
    "### Step 1: Load all the saved data"
   ]
  },
  {
   "cell_type": "code",
   "execution_count": 3,
   "metadata": {},
   "outputs": [],
   "source": [
    "train = pd.read_csv('data/train.csv')\n",
    "train = train.set_index(train.columns[0])\n",
    "train.index.names = ['']\n",
    "\n",
    "trade = pd.read_csv('data/trade.csv')\n",
    "trade = trade.set_index(trade.columns[0])\n",
    "trade.index.names = ['']\n"
   ]
  },
  {
   "cell_type": "code",
   "execution_count": 4,
   "metadata": {},
   "outputs": [
    {
     "data": {
      "text/html": [
       "<div>\n",
       "<style scoped>\n",
       "    .dataframe tbody tr th:only-of-type {\n",
       "        vertical-align: middle;\n",
       "    }\n",
       "\n",
       "    .dataframe tbody tr th {\n",
       "        vertical-align: top;\n",
       "    }\n",
       "\n",
       "    .dataframe thead th {\n",
       "        text-align: right;\n",
       "    }\n",
       "</style>\n",
       "<table border=\"1\" class=\"dataframe\">\n",
       "  <thead>\n",
       "    <tr style=\"text-align: right;\">\n",
       "      <th></th>\n",
       "      <th>date</th>\n",
       "      <th>open</th>\n",
       "      <th>high</th>\n",
       "      <th>low</th>\n",
       "      <th>close</th>\n",
       "      <th>volume</th>\n",
       "      <th>tic</th>\n",
       "      <th>day</th>\n",
       "      <th>macd</th>\n",
       "      <th>boll_ub</th>\n",
       "      <th>boll_lb</th>\n",
       "      <th>rsi_30</th>\n",
       "      <th>cci_30</th>\n",
       "      <th>dx_30</th>\n",
       "      <th>close_30_sma</th>\n",
       "      <th>close_60_sma</th>\n",
       "      <th>vix</th>\n",
       "      <th>turbulence</th>\n",
       "    </tr>\n",
       "    <tr>\n",
       "      <th></th>\n",
       "      <th></th>\n",
       "      <th></th>\n",
       "      <th></th>\n",
       "      <th></th>\n",
       "      <th></th>\n",
       "      <th></th>\n",
       "      <th></th>\n",
       "      <th></th>\n",
       "      <th></th>\n",
       "      <th></th>\n",
       "      <th></th>\n",
       "      <th></th>\n",
       "      <th></th>\n",
       "      <th></th>\n",
       "      <th></th>\n",
       "      <th></th>\n",
       "      <th></th>\n",
       "      <th></th>\n",
       "    </tr>\n",
       "  </thead>\n",
       "  <tbody>\n",
       "    <tr>\n",
       "      <th>0</th>\n",
       "      <td>2022-07-01</td>\n",
       "      <td>136.039993</td>\n",
       "      <td>139.039993</td>\n",
       "      <td>135.660004</td>\n",
       "      <td>137.216949</td>\n",
       "      <td>71051600</td>\n",
       "      <td>AAPL</td>\n",
       "      <td>4</td>\n",
       "      <td>-2.312139</td>\n",
       "      <td>147.798047</td>\n",
       "      <td>126.258563</td>\n",
       "      <td>45.052162</td>\n",
       "      <td>-36.501559</td>\n",
       "      <td>17.058341</td>\n",
       "      <td>138.796890</td>\n",
       "      <td>148.072920</td>\n",
       "      <td>26.700001</td>\n",
       "      <td>29.539152</td>\n",
       "    </tr>\n",
       "    <tr>\n",
       "      <th>0</th>\n",
       "      <td>2022-07-01</td>\n",
       "      <td>243.250000</td>\n",
       "      <td>246.000000</td>\n",
       "      <td>240.720001</td>\n",
       "      <td>230.443665</td>\n",
       "      <td>2745500</td>\n",
       "      <td>AMGN</td>\n",
       "      <td>4</td>\n",
       "      <td>0.042000</td>\n",
       "      <td>235.693726</td>\n",
       "      <td>217.654792</td>\n",
       "      <td>53.167820</td>\n",
       "      <td>-7.357142</td>\n",
       "      <td>4.218256</td>\n",
       "      <td>229.728230</td>\n",
       "      <td>229.198783</td>\n",
       "      <td>26.700001</td>\n",
       "      <td>29.539152</td>\n",
       "    </tr>\n",
       "    <tr>\n",
       "      <th>0</th>\n",
       "      <td>2022-07-01</td>\n",
       "      <td>138.070007</td>\n",
       "      <td>140.889999</td>\n",
       "      <td>137.470001</td>\n",
       "      <td>136.552689</td>\n",
       "      <td>2625300</td>\n",
       "      <td>AXP</td>\n",
       "      <td>4</td>\n",
       "      <td>-5.951111</td>\n",
       "      <td>165.036113</td>\n",
       "      <td>124.265253</td>\n",
       "      <td>40.059069</td>\n",
       "      <td>-93.759552</td>\n",
       "      <td>37.870137</td>\n",
       "      <td>148.794098</td>\n",
       "      <td>158.616011</td>\n",
       "      <td>26.700001</td>\n",
       "      <td>29.539152</td>\n",
       "    </tr>\n",
       "    <tr>\n",
       "      <th>0</th>\n",
       "      <td>2022-07-01</td>\n",
       "      <td>135.880005</td>\n",
       "      <td>141.789993</td>\n",
       "      <td>135.399994</td>\n",
       "      <td>139.839996</td>\n",
       "      <td>7627100</td>\n",
       "      <td>BA</td>\n",
       "      <td>4</td>\n",
       "      <td>0.295126</td>\n",
       "      <td>148.248396</td>\n",
       "      <td>122.092606</td>\n",
       "      <td>47.124452</td>\n",
       "      <td>74.248052</td>\n",
       "      <td>0.310288</td>\n",
       "      <td>132.643000</td>\n",
       "      <td>145.353833</td>\n",
       "      <td>26.700001</td>\n",
       "      <td>29.539152</td>\n",
       "    </tr>\n",
       "    <tr>\n",
       "      <th>0</th>\n",
       "      <td>2022-07-01</td>\n",
       "      <td>179.309998</td>\n",
       "      <td>181.320007</td>\n",
       "      <td>173.720001</td>\n",
       "      <td>170.240387</td>\n",
       "      <td>3423100</td>\n",
       "      <td>CAT</td>\n",
       "      <td>4</td>\n",
       "      <td>-8.459092</td>\n",
       "      <td>225.623015</td>\n",
       "      <td>157.577791</td>\n",
       "      <td>37.833413</td>\n",
       "      <td>-137.196198</td>\n",
       "      <td>46.017067</td>\n",
       "      <td>194.803612</td>\n",
       "      <td>200.130089</td>\n",
       "      <td>26.700001</td>\n",
       "      <td>29.539152</td>\n",
       "    </tr>\n",
       "  </tbody>\n",
       "</table>\n",
       "</div>"
      ],
      "text/plain": [
       "         date        open        high         low       close    volume   tic  \\\n",
       "                                                                                \n",
       "0  2022-07-01  136.039993  139.039993  135.660004  137.216949  71051600  AAPL   \n",
       "0  2022-07-01  243.250000  246.000000  240.720001  230.443665   2745500  AMGN   \n",
       "0  2022-07-01  138.070007  140.889999  137.470001  136.552689   2625300   AXP   \n",
       "0  2022-07-01  135.880005  141.789993  135.399994  139.839996   7627100    BA   \n",
       "0  2022-07-01  179.309998  181.320007  173.720001  170.240387   3423100   CAT   \n",
       "\n",
       "   day      macd     boll_ub     boll_lb     rsi_30      cci_30      dx_30  \\\n",
       "                                                                             \n",
       "0    4 -2.312139  147.798047  126.258563  45.052162  -36.501559  17.058341   \n",
       "0    4  0.042000  235.693726  217.654792  53.167820   -7.357142   4.218256   \n",
       "0    4 -5.951111  165.036113  124.265253  40.059069  -93.759552  37.870137   \n",
       "0    4  0.295126  148.248396  122.092606  47.124452   74.248052   0.310288   \n",
       "0    4 -8.459092  225.623015  157.577791  37.833413 -137.196198  46.017067   \n",
       "\n",
       "   close_30_sma  close_60_sma        vix  turbulence  \n",
       "                                                      \n",
       "0    138.796890    148.072920  26.700001   29.539152  \n",
       "0    229.728230    229.198783  26.700001   29.539152  \n",
       "0    148.794098    158.616011  26.700001   29.539152  \n",
       "0    132.643000    145.353833  26.700001   29.539152  \n",
       "0    194.803612    200.130089  26.700001   29.539152  "
      ]
     },
     "execution_count": 4,
     "metadata": {},
     "output_type": "execute_result"
    }
   ],
   "source": [
    "trade.head()\n"
   ]
  },
  {
   "cell_type": "code",
   "execution_count": 5,
   "metadata": {},
   "outputs": [
    {
     "name": "stdout",
     "output_type": "stream",
     "text": [
      "Stock Dimension: 29, State Space: 291\n"
     ]
    }
   ],
   "source": [
    "stock_dimension = len(trade.tic.unique())\n",
    "state_space = 1 + 2*stock_dimension + len(INDICATORS)*stock_dimension\n",
    "print(f\"Stock Dimension: {stock_dimension}, State Space: {state_space}\")\n"
   ]
  },
  {
   "cell_type": "code",
   "execution_count": 6,
   "metadata": {},
   "outputs": [],
   "source": [
    "df_account_value_dt = pd.read_pickle('data/df_account_value_dt.pkl')\n",
    "df_actions_dt = pd.read_pickle('data/df_actions_dt.pkl')\n"
   ]
  },
  {
   "cell_type": "code",
   "execution_count": 7,
   "metadata": {},
   "outputs": [],
   "source": [
    "df_account_value_ppo = pd.read_pickle('data/df_account_value_ppo.pkl')\n",
    "df_actions_ppo = pd.read_pickle('data/df_actions_ppo.pkl')\n"
   ]
  },
  {
   "cell_type": "markdown",
   "metadata": {},
   "source": [
    "### Step 2: Mean Variance Optimization"
   ]
  },
  {
   "cell_type": "markdown",
   "metadata": {},
   "source": [
    "<p align=\"left\">\n",
    "<img src=\"images/MVO.png\" alt=\"image\" width=\"400\" height=\"auto\">\n",
    "</p>"
   ]
  },
  {
   "cell_type": "code",
   "execution_count": 8,
   "metadata": {},
   "outputs": [],
   "source": [
    "# Helps us process data into a form for weight calculation\n",
    "def process_df_for_mvo(df):\n",
    "  df = df.sort_values(['date','tic'],ignore_index=True)[['date','tic','close']]\n",
    "  fst = df\n",
    "  fst = fst.iloc[0:stock_dimension, :]\n",
    "  tic = fst['tic'].tolist()\n",
    "\n",
    "  mvo = pd.DataFrame()\n",
    "\n",
    "  for k in range(len(tic)):\n",
    "    mvo[tic[k]] = 0\n",
    "\n",
    "  for i in range(df.shape[0]//stock_dimension):\n",
    "    n = df\n",
    "    n = n.iloc[i * stock_dimension:(i+1) * stock_dimension, :]\n",
    "    date = n['date'][i*stock_dimension]\n",
    "    mvo.loc[date] = n['close'].tolist()\n",
    "\n",
    "  return mvo\n",
    "\n",
    "# Calculates weights of average return and covariance matrix\n",
    "def StockReturnsComputing(StockPrice, Rows, Columns):\n",
    "  import numpy as np\n",
    "  StockReturn = np.zeros([Rows-1, Columns])\n",
    "  for j in range(Columns):        # j: Assets\n",
    "    for i in range(Rows-1):     # i: Daily Prices\n",
    "      StockReturn[i,j]=((StockPrice[i+1, j]-StockPrice[i,j])/StockPrice[i,j])* 100\n",
    "\n",
    "  return StockReturn\n"
   ]
  },
  {
   "cell_type": "code",
   "execution_count": 9,
   "metadata": {},
   "outputs": [
    {
     "data": {
      "text/plain": [
       "array([[137.21694946, 230.44366455, 136.5526886 , ...,  44.48649216,\n",
       "         34.26443481,  39.6645546 ],\n",
       "       [139.8144989 , 231.55108643, 135.82327271, ...,  44.29696274,\n",
       "         34.21999741,  40.1885376 ],\n",
       "       [141.15776062, 230.16213989, 134.36437988, ...,  44.37449646,\n",
       "         33.57132339,  40.47317123],\n",
       "       ...,\n",
       "       [169.46372986, 267.48022461, 236.39587402, ...,  38.58849335,\n",
       "         17.35797501,  60.00230789],\n",
       "       [168.87521362, 268.07598877, 234.94021606, ...,  39.04108429,\n",
       "         17.4566021 ,  59.95248032],\n",
       "       [173.06466675, 274.43084717, 238.21046448, ...,  39.4444809 ,\n",
       "         17.77219963,  60.03220749]])"
      ]
     },
     "execution_count": 9,
     "metadata": {},
     "output_type": "execute_result"
    }
   ],
   "source": [
    "StockData = process_df_for_mvo(train)\n",
    "TradeData = process_df_for_mvo(trade)\n",
    "\n",
    "TradeData.to_numpy()\n"
   ]
  },
  {
   "cell_type": "code",
   "execution_count": 10,
   "metadata": {},
   "outputs": [
    {
     "data": {
      "text/html": [
       "<div>\n",
       "<style scoped>\n",
       "    .dataframe tbody tr th:only-of-type {\n",
       "        vertical-align: middle;\n",
       "    }\n",
       "\n",
       "    .dataframe tbody tr th {\n",
       "        vertical-align: top;\n",
       "    }\n",
       "\n",
       "    .dataframe thead th {\n",
       "        text-align: right;\n",
       "    }\n",
       "</style>\n",
       "<table border=\"1\" class=\"dataframe\">\n",
       "  <thead>\n",
       "    <tr style=\"text-align: right;\">\n",
       "      <th></th>\n",
       "      <th>AAPL</th>\n",
       "      <th>AMGN</th>\n",
       "      <th>AXP</th>\n",
       "      <th>BA</th>\n",
       "      <th>CAT</th>\n",
       "      <th>CRM</th>\n",
       "      <th>CSCO</th>\n",
       "      <th>CVX</th>\n",
       "      <th>DIS</th>\n",
       "      <th>GS</th>\n",
       "      <th>...</th>\n",
       "      <th>MRK</th>\n",
       "      <th>MSFT</th>\n",
       "      <th>NKE</th>\n",
       "      <th>PG</th>\n",
       "      <th>TRV</th>\n",
       "      <th>UNH</th>\n",
       "      <th>V</th>\n",
       "      <th>VZ</th>\n",
       "      <th>WBA</th>\n",
       "      <th>WMT</th>\n",
       "    </tr>\n",
       "  </thead>\n",
       "  <tbody>\n",
       "    <tr>\n",
       "      <th>2022-07-01</th>\n",
       "      <td>137.216949</td>\n",
       "      <td>230.443665</td>\n",
       "      <td>136.552689</td>\n",
       "      <td>139.839996</td>\n",
       "      <td>170.240387</td>\n",
       "      <td>167.719498</td>\n",
       "      <td>39.608242</td>\n",
       "      <td>135.762131</td>\n",
       "      <td>95.387619</td>\n",
       "      <td>282.268127</td>\n",
       "      <td>...</td>\n",
       "      <td>87.516403</td>\n",
       "      <td>255.099289</td>\n",
       "      <td>98.559296</td>\n",
       "      <td>137.967621</td>\n",
       "      <td>164.007812</td>\n",
       "      <td>502.449371</td>\n",
       "      <td>195.699768</td>\n",
       "      <td>44.486492</td>\n",
       "      <td>34.264435</td>\n",
       "      <td>39.664555</td>\n",
       "    </tr>\n",
       "    <tr>\n",
       "      <th>2022-07-05</th>\n",
       "      <td>139.814499</td>\n",
       "      <td>231.551086</td>\n",
       "      <td>135.823273</td>\n",
       "      <td>137.699997</td>\n",
       "      <td>165.914902</td>\n",
       "      <td>171.708054</td>\n",
       "      <td>39.364326</td>\n",
       "      <td>132.194565</td>\n",
       "      <td>96.419479</td>\n",
       "      <td>280.353210</td>\n",
       "      <td>...</td>\n",
       "      <td>87.724716</td>\n",
       "      <td>258.312866</td>\n",
       "      <td>101.617973</td>\n",
       "      <td>136.636230</td>\n",
       "      <td>160.194565</td>\n",
       "      <td>490.640717</td>\n",
       "      <td>197.036011</td>\n",
       "      <td>44.296963</td>\n",
       "      <td>34.219997</td>\n",
       "      <td>40.188538</td>\n",
       "    </tr>\n",
       "    <tr>\n",
       "      <th>2022-07-06</th>\n",
       "      <td>141.157761</td>\n",
       "      <td>230.162140</td>\n",
       "      <td>134.364380</td>\n",
       "      <td>136.309998</td>\n",
       "      <td>164.530365</td>\n",
       "      <td>172.236557</td>\n",
       "      <td>40.049164</td>\n",
       "      <td>130.452438</td>\n",
       "      <td>95.328087</td>\n",
       "      <td>277.108215</td>\n",
       "      <td>...</td>\n",
       "      <td>88.188728</td>\n",
       "      <td>261.614838</td>\n",
       "      <td>101.530304</td>\n",
       "      <td>137.910995</td>\n",
       "      <td>162.781448</td>\n",
       "      <td>500.400330</td>\n",
       "      <td>197.605865</td>\n",
       "      <td>44.374496</td>\n",
       "      <td>33.571323</td>\n",
       "      <td>40.473171</td>\n",
       "    </tr>\n",
       "    <tr>\n",
       "      <th>2022-07-07</th>\n",
       "      <td>144.545471</td>\n",
       "      <td>232.198608</td>\n",
       "      <td>137.165451</td>\n",
       "      <td>139.970001</td>\n",
       "      <td>172.140533</td>\n",
       "      <td>176.135376</td>\n",
       "      <td>40.546383</td>\n",
       "      <td>132.991455</td>\n",
       "      <td>96.667526</td>\n",
       "      <td>281.673889</td>\n",
       "      <td>...</td>\n",
       "      <td>88.075104</td>\n",
       "      <td>263.767029</td>\n",
       "      <td>105.329277</td>\n",
       "      <td>137.863754</td>\n",
       "      <td>162.522781</td>\n",
       "      <td>499.516663</td>\n",
       "      <td>199.256531</td>\n",
       "      <td>44.234924</td>\n",
       "      <td>33.953423</td>\n",
       "      <td>40.534634</td>\n",
       "    </tr>\n",
       "    <tr>\n",
       "      <th>2022-07-08</th>\n",
       "      <td>145.226929</td>\n",
       "      <td>233.193420</td>\n",
       "      <td>137.875443</td>\n",
       "      <td>139.070007</td>\n",
       "      <td>171.013840</td>\n",
       "      <td>174.998642</td>\n",
       "      <td>40.705864</td>\n",
       "      <td>132.296463</td>\n",
       "      <td>95.109810</td>\n",
       "      <td>279.664551</td>\n",
       "      <td>...</td>\n",
       "      <td>87.857292</td>\n",
       "      <td>263.039825</td>\n",
       "      <td>105.134460</td>\n",
       "      <td>136.938400</td>\n",
       "      <td>161.919159</td>\n",
       "      <td>503.643799</td>\n",
       "      <td>200.013062</td>\n",
       "      <td>44.043018</td>\n",
       "      <td>33.366943</td>\n",
       "      <td>40.560501</td>\n",
       "    </tr>\n",
       "  </tbody>\n",
       "</table>\n",
       "<p>5 rows × 29 columns</p>\n",
       "</div>"
      ],
      "text/plain": [
       "                  AAPL        AMGN         AXP          BA         CAT  \\\n",
       "2022-07-01  137.216949  230.443665  136.552689  139.839996  170.240387   \n",
       "2022-07-05  139.814499  231.551086  135.823273  137.699997  165.914902   \n",
       "2022-07-06  141.157761  230.162140  134.364380  136.309998  164.530365   \n",
       "2022-07-07  144.545471  232.198608  137.165451  139.970001  172.140533   \n",
       "2022-07-08  145.226929  233.193420  137.875443  139.070007  171.013840   \n",
       "\n",
       "                   CRM       CSCO         CVX        DIS          GS  ...  \\\n",
       "2022-07-01  167.719498  39.608242  135.762131  95.387619  282.268127  ...   \n",
       "2022-07-05  171.708054  39.364326  132.194565  96.419479  280.353210  ...   \n",
       "2022-07-06  172.236557  40.049164  130.452438  95.328087  277.108215  ...   \n",
       "2022-07-07  176.135376  40.546383  132.991455  96.667526  281.673889  ...   \n",
       "2022-07-08  174.998642  40.705864  132.296463  95.109810  279.664551  ...   \n",
       "\n",
       "                  MRK        MSFT         NKE          PG         TRV  \\\n",
       "2022-07-01  87.516403  255.099289   98.559296  137.967621  164.007812   \n",
       "2022-07-05  87.724716  258.312866  101.617973  136.636230  160.194565   \n",
       "2022-07-06  88.188728  261.614838  101.530304  137.910995  162.781448   \n",
       "2022-07-07  88.075104  263.767029  105.329277  137.863754  162.522781   \n",
       "2022-07-08  87.857292  263.039825  105.134460  136.938400  161.919159   \n",
       "\n",
       "                   UNH           V         VZ        WBA        WMT  \n",
       "2022-07-01  502.449371  195.699768  44.486492  34.264435  39.664555  \n",
       "2022-07-05  490.640717  197.036011  44.296963  34.219997  40.188538  \n",
       "2022-07-06  500.400330  197.605865  44.374496  33.571323  40.473171  \n",
       "2022-07-07  499.516663  199.256531  44.234924  33.953423  40.534634  \n",
       "2022-07-08  503.643799  200.013062  44.043018  33.366943  40.560501  \n",
       "\n",
       "[5 rows x 29 columns]"
      ]
     },
     "execution_count": 10,
     "metadata": {},
     "output_type": "execute_result"
    }
   ],
   "source": [
    "TradeData.head()\n"
   ]
  },
  {
   "cell_type": "code",
   "execution_count": 11,
   "metadata": {},
   "outputs": [
    {
     "name": "stdout",
     "output_type": "stream",
     "text": [
      "Mean returns of assets in k-portfolio 1\n",
      " [0.131 0.062 0.089 0.067 0.07  0.115 0.052 0.05  0.059 0.063 0.093 0.07\n",
      " 0.039 0.056 0.049 0.071 0.049 0.059 0.044 0.057 0.097 0.08  0.043 0.06\n",
      " 0.108 0.097 0.039 0.038 0.039]\n",
      "Variance-Covariance matrix of returns\n",
      " [[3.296 1.026 1.667 1.691 1.53  1.941 1.539 1.161 1.28  1.711 1.31  1.362\n",
      "  1.116 1.697 0.707 1.68  0.704 0.88  1.139 0.763 1.709 1.368 0.743 0.955\n",
      "  1.245 1.486 0.592 1.019 0.647]\n",
      " [1.026 2.489 1.19  1.025 1.086 1.205 1.044 0.953 0.941 1.139 0.985 1.022\n",
      "  0.833 1.147 0.888 1.238 0.656 0.677 0.948 1.086 1.109 0.882 0.75  0.884\n",
      "  1.192 1.04  0.65  1.036 0.635]\n",
      " [1.667 1.19  4.853 2.897 2.54  2.004 1.843 2.149 2.208 3.037 1.748 2.23\n",
      "  1.529 1.939 0.937 3.582 1.106 1.242 1.74  1.107 1.764 1.841 0.93  1.909\n",
      "  1.706 2.306 0.918 1.448 0.629]\n",
      " [1.691 1.025 2.897 5.287 2.373 1.957 1.651 2.167 2.096 2.428 1.645 2.315\n",
      "  1.557 1.868 0.883 2.616 1.121 1.249 1.586 0.949 1.581 1.795 0.802 1.66\n",
      "  1.565 1.836 0.769 1.472 0.601]\n",
      " [1.53  1.086 2.54  2.373 3.922 1.88  1.747 2.058 1.746 2.362 1.431 2.14\n",
      "  1.462 1.804 0.849 2.531 0.899 0.906 1.795 0.992 1.509 1.535 0.766 1.447\n",
      "  1.341 1.595 0.855 1.344 0.637]\n",
      " [1.941 1.205 2.004 1.957 1.88  5.584 1.873 1.365 1.671 1.972 1.587 1.664\n",
      "  1.274 1.914 0.76  1.967 0.787 1.042 1.326 0.935 2.116 1.774 0.732 1.146\n",
      "  1.26  1.915 0.687 1.125 0.648]\n",
      " [1.539 1.044 1.843 1.651 1.747 1.873 2.995 1.377 1.465 1.8   1.3   1.534\n",
      "  1.336 1.767 0.853 1.898 0.795 0.877 1.343 0.921 1.647 1.327 0.839 1.146\n",
      "  1.187 1.43  0.753 1.162 0.723]\n",
      " [1.161 0.953 2.149 2.167 2.058 1.365 1.377 2.989 1.47  1.978 1.258 1.713\n",
      "  1.288 1.466 0.818 2.193 0.908 0.979 1.319 1.    1.255 1.197 0.718 1.432\n",
      "  1.355 1.399 0.788 1.105 0.524]\n",
      " [1.28  0.941 2.208 2.096 1.746 1.671 1.465 1.47  2.823 1.924 1.357 1.704\n",
      "  1.135 1.436 0.734 2.14  0.885 0.933 1.297 0.844 1.347 1.411 0.775 1.221\n",
      "  1.184 1.506 0.749 1.118 0.607]\n",
      " [1.711 1.139 3.037 2.428 2.362 1.972 1.8   1.978 1.924 4.217 1.647 2.014\n",
      "  1.51  1.883 0.872 3.737 0.914 1.032 1.645 1.041 1.658 1.627 0.823 1.805\n",
      "  1.573 1.907 0.876 1.415 0.654]\n",
      " [1.31  0.985 1.748 1.645 1.431 1.587 1.3   1.258 1.357 1.647 2.362 1.412\n",
      "  1.069 1.419 0.713 1.746 0.78  0.961 1.173 0.807 1.352 1.392 0.778 1.185\n",
      "  1.227 1.338 0.7   1.032 0.766]\n",
      " [1.362 1.022 2.23  2.315 2.14  1.664 1.534 1.713 1.704 2.014 1.412 2.461\n",
      "  1.272 1.544 0.843 2.222 0.941 0.971 1.566 0.938 1.401 1.477 0.781 1.348\n",
      "  1.342 1.508 0.757 1.219 0.59 ]\n",
      " [1.116 0.833 1.529 1.557 1.462 1.274 1.336 1.288 1.135 1.51  1.069 1.272\n",
      "  2.084 1.355 0.703 1.663 0.78  0.759 1.131 0.765 1.168 1.041 0.71  1.063\n",
      "  1.012 1.177 0.704 1.015 0.545]\n",
      " [1.697 1.147 1.939 1.868 1.804 1.914 1.767 1.466 1.436 1.883 1.419 1.544\n",
      "  1.355 3.494 0.787 1.966 0.81  0.863 1.307 0.893 1.867 1.331 0.776 1.234\n",
      "  1.261 1.462 0.752 1.15  0.71 ]\n",
      " [0.707 0.888 0.937 0.883 0.849 0.76  0.853 0.818 0.734 0.872 0.713 0.843\n",
      "  0.703 0.787 1.138 0.947 0.639 0.557 0.812 0.845 0.769 0.693 0.683 0.725\n",
      "  0.893 0.776 0.578 0.79  0.53 ]\n",
      " [1.68  1.238 3.582 2.616 2.531 1.967 1.898 2.193 2.14  3.737 1.746 2.222\n",
      "  1.663 1.966 0.947 4.939 1.044 1.144 1.768 1.165 1.718 1.748 0.959 2.074\n",
      "  1.687 2.053 1.033 1.542 0.7  ]\n",
      " [0.704 0.656 1.106 1.121 0.899 0.787 0.795 0.908 0.885 0.914 0.78  0.941\n",
      "  0.78  0.81  0.639 1.044 1.279 0.681 0.787 0.693 0.782 0.801 0.748 0.885\n",
      "  0.822 0.808 0.613 0.737 0.516]\n",
      " [0.88  0.677 1.242 1.249 0.906 1.042 0.877 0.979 0.933 1.032 0.961 0.971\n",
      "  0.759 0.863 0.557 1.144 0.681 1.471 0.781 0.662 0.917 0.989 0.604 0.939\n",
      "  0.886 0.974 0.502 0.663 0.496]\n",
      " [1.139 0.948 1.74  1.586 1.795 1.326 1.343 1.319 1.297 1.645 1.173 1.566\n",
      "  1.131 1.307 0.812 1.768 0.787 0.781 1.991 0.813 1.147 1.169 0.743 1.15\n",
      "  1.092 1.197 0.704 1.103 0.576]\n",
      " [0.763 1.086 1.107 0.949 0.992 0.935 0.921 1.    0.844 1.041 0.807 0.938\n",
      "  0.765 0.893 0.845 1.165 0.693 0.662 0.813 1.982 0.877 0.777 0.691 0.911\n",
      "  1.082 0.864 0.676 0.837 0.565]\n",
      " [1.709 1.109 1.764 1.581 1.509 2.116 1.647 1.255 1.347 1.658 1.352 1.401\n",
      "  1.168 1.867 0.769 1.718 0.782 0.917 1.147 0.877 2.799 1.336 0.802 1.09\n",
      "  1.236 1.51  0.689 1.033 0.685]\n",
      " [1.368 0.882 1.841 1.795 1.535 1.774 1.327 1.197 1.411 1.627 1.392 1.477\n",
      "  1.041 1.331 0.693 1.748 0.801 0.989 1.169 0.777 1.336 3.001 0.727 1.08\n",
      "  1.181 1.424 0.64  1.01  0.612]\n",
      " [0.743 0.75  0.93  0.802 0.766 0.732 0.839 0.718 0.775 0.823 0.778 0.781\n",
      "  0.71  0.776 0.683 0.959 0.748 0.604 0.743 0.691 0.802 0.727 1.272 0.761\n",
      "  0.763 0.736 0.634 0.763 0.646]\n",
      " [0.955 0.884 1.909 1.66  1.447 1.146 1.146 1.432 1.221 1.805 1.185 1.348\n",
      "  1.063 1.234 0.725 2.074 0.885 0.939 1.15  0.911 1.09  1.08  0.761 2.27\n",
      "  1.177 1.253 0.775 1.001 0.622]\n",
      " [1.245 1.192 1.706 1.565 1.341 1.26  1.187 1.355 1.184 1.573 1.227 1.342\n",
      "  1.012 1.261 0.893 1.687 0.822 0.886 1.092 1.082 1.236 1.181 0.763 1.177\n",
      "  3.16  1.212 0.672 1.11  0.658]\n",
      " [1.486 1.04  2.306 1.836 1.595 1.915 1.43  1.399 1.506 1.907 1.338 1.508\n",
      "  1.177 1.462 0.776 2.053 0.808 0.974 1.197 0.864 1.51  1.424 0.736 1.253\n",
      "  1.212 2.985 0.668 0.988 0.611]\n",
      " [0.592 0.65  0.918 0.769 0.855 0.687 0.753 0.788 0.749 0.876 0.7   0.757\n",
      "  0.704 0.752 0.578 1.033 0.613 0.502 0.704 0.676 0.689 0.64  0.634 0.775\n",
      "  0.672 0.668 1.316 0.693 0.527]\n",
      " [1.019 1.036 1.448 1.472 1.344 1.125 1.162 1.105 1.118 1.415 1.032 1.219\n",
      "  1.015 1.15  0.79  1.542 0.737 0.663 1.103 0.837 1.033 1.01  0.763 1.001\n",
      "  1.11  0.988 0.693 3.186 0.75 ]\n",
      " [0.647 0.635 0.629 0.601 0.637 0.648 0.723 0.524 0.607 0.654 0.766 0.59\n",
      "  0.545 0.71  0.53  0.7   0.516 0.496 0.576 0.565 0.685 0.612 0.646 0.622\n",
      "  0.658 0.611 0.527 0.75  1.508]]\n"
     ]
    }
   ],
   "source": [
    "#compute asset returns\n",
    "arStockPrices = np.asarray(StockData)\n",
    "[Rows, Cols]=arStockPrices.shape\n",
    "arReturns = StockReturnsComputing(arStockPrices, Rows, Cols)\n",
    "\n",
    "#compute mean returns and variance covariance matrix of returns\n",
    "meanReturns = np.mean(arReturns, axis = 0)\n",
    "covReturns = np.cov(arReturns, rowvar=False)\n",
    "\n",
    "#set precision for printing results\n",
    "np.set_printoptions(precision=3, suppress = True)\n",
    "\n",
    "#display mean returns and variance-covariance matrix of returns\n",
    "print('Mean returns of assets in k-portfolio 1\\n', meanReturns)\n",
    "print('Variance-Covariance matrix of returns\\n', covReturns)\n"
   ]
  },
  {
   "cell_type": "markdown",
   "metadata": {},
   "source": [
    "### Step 3: Calculate the efficient frontier to get weights"
   ]
  },
  {
   "cell_type": "code",
   "execution_count": 12,
   "metadata": {},
   "outputs": [
    {
     "data": {
      "text/plain": [
       "array([443980.,      0.,      0.,      0.,      0.,  52750.,      0.,\n",
       "            0.,      0.,      0., 150090.,      0.,      0.,      0.,\n",
       "            0.,      0.,      0.,      0.,      0.,      0.,   5440.,\n",
       "            0.,      0.,      0., 265660.,  82090.,      0.,      0.,\n",
       "            0.])"
      ]
     },
     "execution_count": 12,
     "metadata": {},
     "output_type": "execute_result"
    }
   ],
   "source": [
    "from pypfopt.efficient_frontier import EfficientFrontier\n",
    "\n",
    "ef_mean = EfficientFrontier(meanReturns, covReturns, weight_bounds=(0, 0.5))\n",
    "raw_weights_mean = ef_mean.max_sharpe()\n",
    "cleaned_weights_mean = ef_mean.clean_weights()\n",
    "\n",
    "# Use shape of 'Last Price' in the range to avoid shape mismatch error\n",
    "mvo_weights = np.array([1000000 * cleaned_weights_mean[i] for i in range(29)])\n",
    "\n",
    "mvo_weights\n"
   ]
  },
  {
   "cell_type": "code",
   "execution_count": 13,
   "metadata": {},
   "outputs": [
    {
     "data": {
      "text/plain": [
       "(29,)"
      ]
     },
     "execution_count": 13,
     "metadata": {},
     "output_type": "execute_result"
    }
   ],
   "source": [
    "mvo_weights.shape\n"
   ]
  },
  {
   "cell_type": "markdown",
   "metadata": {},
   "source": [
    "### Step 4: Apply weights to the last price of our stock data"
   ]
  },
  {
   "cell_type": "code",
   "execution_count": 14,
   "metadata": {},
   "outputs": [],
   "source": [
    "LastPrice = np.array([1/p for p in StockData.tail(1).to_numpy()[0]])\n"
   ]
  },
  {
   "cell_type": "code",
   "execution_count": 15,
   "metadata": {},
   "outputs": [
    {
     "data": {
      "text/plain": [
       "(29,)"
      ]
     },
     "execution_count": 15,
     "metadata": {},
     "output_type": "execute_result"
    }
   ],
   "source": [
    "LastPrice.shape\n"
   ]
  },
  {
   "cell_type": "code",
   "execution_count": 16,
   "metadata": {},
   "outputs": [
    {
     "data": {
      "text/plain": [
       "array([3287.908,    0.   ,    0.   ,    0.   ,    0.   ,  320.535,\n",
       "          0.   ,    0.   ,    0.   ,    0.   ,  576.947,    0.   ,\n",
       "          0.   ,    0.   ,    0.   ,    0.   ,    0.   ,    0.   ,\n",
       "          0.   ,    0.   ,   21.553,    0.   ,    0.   ,    0.   ,\n",
       "        532.611,  424.348,    0.   ,    0.   ,    0.   ])"
      ]
     },
     "execution_count": 16,
     "metadata": {},
     "output_type": "execute_result"
    }
   ],
   "source": [
    "Initial_Portfolio = np.multiply(mvo_weights, LastPrice)\n",
    "\n",
    "Initial_Portfolio\n"
   ]
  },
  {
   "cell_type": "markdown",
   "metadata": {},
   "source": [
    "### Step 5: Test our MVO weights on the out-of-sample data"
   ]
  },
  {
   "cell_type": "code",
   "execution_count": 17,
   "metadata": {},
   "outputs": [
    {
     "data": {
      "text/html": [
       "<div>\n",
       "<style scoped>\n",
       "    .dataframe tbody tr th:only-of-type {\n",
       "        vertical-align: middle;\n",
       "    }\n",
       "\n",
       "    .dataframe tbody tr th {\n",
       "        vertical-align: top;\n",
       "    }\n",
       "\n",
       "    .dataframe thead th {\n",
       "        text-align: right;\n",
       "    }\n",
       "</style>\n",
       "<table border=\"1\" class=\"dataframe\">\n",
       "  <thead>\n",
       "    <tr style=\"text-align: right;\">\n",
       "      <th></th>\n",
       "      <th>Mean Var</th>\n",
       "    </tr>\n",
       "  </thead>\n",
       "  <tbody>\n",
       "    <tr>\n",
       "      <th>2022-07-01</th>\n",
       "      <td>1.013792e+06</td>\n",
       "    </tr>\n",
       "    <tr>\n",
       "      <th>2022-07-05</th>\n",
       "      <td>1.020502e+06</td>\n",
       "    </tr>\n",
       "    <tr>\n",
       "      <th>2022-07-06</th>\n",
       "      <td>1.030517e+06</td>\n",
       "    </tr>\n",
       "    <tr>\n",
       "      <th>2022-07-07</th>\n",
       "      <td>1.044884e+06</td>\n",
       "    </tr>\n",
       "    <tr>\n",
       "      <th>2022-07-08</th>\n",
       "      <td>1.049143e+06</td>\n",
       "    </tr>\n",
       "    <tr>\n",
       "      <th>...</th>\n",
       "      <td>...</td>\n",
       "    </tr>\n",
       "    <tr>\n",
       "      <th>2024-04-23</th>\n",
       "      <td>1.212648e+06</td>\n",
       "    </tr>\n",
       "    <tr>\n",
       "      <th>2024-04-24</th>\n",
       "      <td>1.217022e+06</td>\n",
       "    </tr>\n",
       "    <tr>\n",
       "      <th>2024-04-25</th>\n",
       "      <td>1.221632e+06</td>\n",
       "    </tr>\n",
       "    <tr>\n",
       "      <th>2024-04-26</th>\n",
       "      <td>1.222524e+06</td>\n",
       "    </tr>\n",
       "    <tr>\n",
       "      <th>2024-04-29</th>\n",
       "      <td>1.233170e+06</td>\n",
       "    </tr>\n",
       "  </tbody>\n",
       "</table>\n",
       "<p>459 rows × 1 columns</p>\n",
       "</div>"
      ],
      "text/plain": [
       "                Mean Var\n",
       "2022-07-01  1.013792e+06\n",
       "2022-07-05  1.020502e+06\n",
       "2022-07-06  1.030517e+06\n",
       "2022-07-07  1.044884e+06\n",
       "2022-07-08  1.049143e+06\n",
       "...                  ...\n",
       "2024-04-23  1.212648e+06\n",
       "2024-04-24  1.217022e+06\n",
       "2024-04-25  1.221632e+06\n",
       "2024-04-26  1.222524e+06\n",
       "2024-04-29  1.233170e+06\n",
       "\n",
       "[459 rows x 1 columns]"
      ]
     },
     "execution_count": 17,
     "metadata": {},
     "output_type": "execute_result"
    }
   ],
   "source": [
    "Portfolio_Assets = TradeData @ Initial_Portfolio\n",
    "MVO_result = pd.DataFrame(Portfolio_Assets, columns=[\"Mean Var\"])\n",
    "\n",
    "MVO_result\n"
   ]
  },
  {
   "cell_type": "markdown",
   "metadata": {},
   "source": [
    "### Step 6: DOW JONES Index as Another Baseline"
   ]
  },
  {
   "cell_type": "code",
   "execution_count": 18,
   "metadata": {},
   "outputs": [],
   "source": [
    "TRAIN_START_DATE = '2009-01-01'\n",
    "TRAIN_END_DATE = '2022-07-01'\n",
    "TRADE_START_DATE = '2022-07-01'\n",
    "TRADE_END_DATE = '2024-05-01'\n"
   ]
  },
  {
   "cell_type": "code",
   "execution_count": 19,
   "metadata": {},
   "outputs": [
    {
     "name": "stderr",
     "output_type": "stream",
     "text": [
      "[*********************100%%**********************]  1 of 1 completed"
     ]
    },
    {
     "name": "stdout",
     "output_type": "stream",
     "text": [
      "Shape of DataFrame:  (460, 8)\n"
     ]
    },
    {
     "name": "stderr",
     "output_type": "stream",
     "text": [
      "\n"
     ]
    }
   ],
   "source": [
    "from finrl.meta.preprocessor.yahoodownloader import YahooDownloader\n",
    "\n",
    "df_dji = YahooDownloader(start_date = TRADE_START_DATE,\n",
    "                     end_date = TRADE_END_DATE,\n",
    "                     ticker_list = ['^dji']).fetch_data()\n"
   ]
  },
  {
   "cell_type": "code",
   "execution_count": 20,
   "metadata": {},
   "outputs": [],
   "source": [
    "df_dji = df_dji[['date','close']]\n",
    "fst_day = df_dji['close'][0]\n",
    "dji = pd.merge(df_dji['date'], df_dji['close'].div(fst_day).mul(1000000),\n",
    "               how='outer', left_index=True, right_index=True).set_index('date')\n"
   ]
  },
  {
   "cell_type": "code",
   "execution_count": 28,
   "metadata": {},
   "outputs": [],
   "source": [
    "df_result_dt = df_account_value_dt.set_index(df_account_value_dt.columns[0]) #if if_using_a2c else None\n",
    "\n",
    "result = pd.DataFrame()\n",
    "dt_result = pd.merge(result, df_result_dt, how='outer', left_index=True, right_index=True)\n"
   ]
  },
  {
   "cell_type": "code",
   "execution_count": 29,
   "metadata": {},
   "outputs": [],
   "source": [
    "col_name = []\n",
    "col_name.append('DT')\n",
    "dt_result.columns = col_name"
   ]
  },
  {
   "cell_type": "code",
   "execution_count": 30,
   "metadata": {},
   "outputs": [],
   "source": [
    "df_result_ppo = df_account_value_ppo.set_index(df_account_value_ppo.columns[0]) #if if_using_a2c else None\n",
    "\n",
    "result = pd.DataFrame()\n",
    "result = pd.merge(result, df_result_ppo, how='outer', left_index=True, right_index=True)\n"
   ]
  },
  {
   "cell_type": "code",
   "execution_count": 31,
   "metadata": {},
   "outputs": [],
   "source": [
    "col_name = []\n",
    "col_name.append('PPO')\n",
    "result.columns = col_name\n"
   ]
  },
  {
   "cell_type": "markdown",
   "metadata": {},
   "source": [
    "### Step 7: Merge DataFrames"
   ]
  },
  {
   "cell_type": "code",
   "execution_count": 32,
   "metadata": {},
   "outputs": [
    {
     "name": "stderr",
     "output_type": "stream",
     "text": [
      "/tmp/ipykernel_48617/3132867288.py:3: FutureWarning: DataFrame.fillna with 'method' is deprecated and will raise in a future version. Use obj.ffill() or obj.bfill() instead.\n",
      "  result = pd.merge(result, dji, how='outer', left_index=True, right_index=True).fillna(method='bfill')\n"
     ]
    }
   ],
   "source": [
    "result = pd.merge(result, dt_result, how='outer', left_index=True, right_index=True)\n",
    "result = pd.merge(result, MVO_result, how='outer', left_index=True, right_index=True)\n",
    "result = pd.merge(result, dji, how='outer', left_index=True, right_index=True).fillna(method='bfill')\n"
   ]
  },
  {
   "cell_type": "code",
   "execution_count": 33,
   "metadata": {},
   "outputs": [],
   "source": [
    "result.rename(columns= {'close': 'DJI'}, inplace = True)\n",
    "\n",
    "#rankings_pd.rename(columns = {'test':'TEST'}, inplace = True)\n"
   ]
  },
  {
   "cell_type": "code",
   "execution_count": 34,
   "metadata": {},
   "outputs": [
    {
     "data": {
      "text/html": [
       "<div>\n",
       "<style scoped>\n",
       "    .dataframe tbody tr th:only-of-type {\n",
       "        vertical-align: middle;\n",
       "    }\n",
       "\n",
       "    .dataframe tbody tr th {\n",
       "        vertical-align: top;\n",
       "    }\n",
       "\n",
       "    .dataframe thead th {\n",
       "        text-align: right;\n",
       "    }\n",
       "</style>\n",
       "<table border=\"1\" class=\"dataframe\">\n",
       "  <thead>\n",
       "    <tr style=\"text-align: right;\">\n",
       "      <th></th>\n",
       "      <th>PPO</th>\n",
       "      <th>DT</th>\n",
       "      <th>Mean Var</th>\n",
       "      <th>DJI</th>\n",
       "    </tr>\n",
       "    <tr>\n",
       "      <th>date</th>\n",
       "      <th></th>\n",
       "      <th></th>\n",
       "      <th></th>\n",
       "      <th></th>\n",
       "    </tr>\n",
       "  </thead>\n",
       "  <tbody>\n",
       "    <tr>\n",
       "      <th>2022-07-01</th>\n",
       "      <td>1.000000e+06</td>\n",
       "      <td>1.000000e+06</td>\n",
       "      <td>1.013792e+06</td>\n",
       "      <td>1.000000e+06</td>\n",
       "    </tr>\n",
       "    <tr>\n",
       "      <th>2022-07-05</th>\n",
       "      <td>9.999917e+05</td>\n",
       "      <td>9.999122e+05</td>\n",
       "      <td>1.020502e+06</td>\n",
       "      <td>9.958376e+05</td>\n",
       "    </tr>\n",
       "    <tr>\n",
       "      <th>2022-07-06</th>\n",
       "      <td>1.000119e+06</td>\n",
       "      <td>1.000030e+06</td>\n",
       "      <td>1.030517e+06</td>\n",
       "      <td>9.980841e+05</td>\n",
       "    </tr>\n",
       "    <tr>\n",
       "      <th>2022-07-07</th>\n",
       "      <td>1.000674e+06</td>\n",
